1	0.16738197424892703	12
1	0.10515873015873016	16
2	0.20184135977337112	13
2	0.08445945945945946	5
3	0.11559139784946236	17
4	0.13897280966767372	14
4	0.1141439205955335	3
5	0.08569405099150142	13
6	0.10377358490566038	18
6	0.08923076923076922	19
7	0.1299093655589124	14
7	0.0784313725490196	11
8	0.10849056603773585	18
10	0.15966386554621848	9
11	0.09923664122137404	7
12	0.40197764402407565	1
12	0.11648079306071871	2
12	0.0496031746031746	16
13	0.22676579925650558	2
13	0.13008130081300814	8
13	0.09012875536480687	12
13	0.07432432432432433	5
14	0.15776081424936386	7
14	0.13366336633663367	15
14	0.026143790849673203	11
16	0.07910576096302666	1
17	0.21428571428571427	9
17	0.11910669975186104	3
17	0.08	19
18	0.09375	6
18	0.07920792079207921	15
19	0.10215053763440861	17
19	0.078125	6
19	0.06504065040650407	8